5	5	5	5	4	4	4	4	3	3	3	3	3	3	3	3	3	3	3	3	3	3	3	2
7	6	6	6	6	5	5	4	4	4	4	4	4	3	3	3	3	3	3	3	3	3	3	3
8	7	7	7	7	6	6	5	5	5	4	4	4	4	4	4	4	4	3	3	3	3	3	3
9	8	8	8	7	7	6	6	5	5	5	5	4	4	4	4	4	4	4	4	4	4	4	4
10	9	9	8	8	8	7	6	6	5	5	5	5	5	4	4	4	4	4	4	4	4	4	4
11	10	9	9	9	8	7	7	6	6	6	5	5	5	5	5	5	4	4	4	4	4	4	4
11	11	10	10	9	9	8	7	7	6	6	6	5	5	5	5	5	5	5	4	4	4	4	4
12	11	11	10	10	10	8	8	7	7	6	6	6	6	5	5	5	5	5	5	5	5	4	4
13	12	11	11	11	10	9	8	7	7	7	6	6	6	6	5	5	5	5	5	5	5	5	5
14	13	12	12	11	11	9	8	8	7	7	7	6	6	6	6	6	5	5	5	5	5	5	5
14	13	13	12	12	11	10	9	8	8	7	7	7	6	6	6	6	6	5	5	5	5	5	5
15	14	13	13	12	12	10	9	8	8	7	7	7	7	6	6	6	6	6	6	5	5	5	5
15	15	14	13	13	12	10	9	9	8	8	7	7	7	7	6	6	6	6	6	6	5	5	5
16	15	14	14	13	13	11	10	9	8	8	8	7	7	7	7	6	6	6	6	6	6	6	5
17	16	15	14	14	13	11	10	9	9	8	8	8	7	7	7	7	6	6	6	6	6	6	6
17	16	15	15	14	13	12	10	10	9	8	8	8	7	7	7	7	7	6	6	6	6	6	6
18	17	16	15	14	14	12	11	10	9	9	8	8	8	7	7	7	7	7	6	6	6	6	6
18	17	16	16	15	14	12	11	10	10	9	9	8	8	8	7	7	7	7	7	6	6	6	6
19	18	17	16	15	15	13	11	11	10	9	9	8	8	8	8	7	7	7	7	7	7	6	6
20	18	17	17	16	15	13	12	11	10	10	9	9	8	8	8	8	7	7	7	7	7	7	6
20	19	18	17	16	16	13	12	11	10	10	9	9	9	8	8	8	8	7	7	7	7	7	7
21	19	18	17	17	16	14	12	11	11	10	10	9	9	8	8	8	8	7	7	7	7	7	7
21	20	19	18	17	17	14	13	12	11	10	10	9	9	9	8	8	8	8	7	7	7	7	7
22	20	19	18	18	17	15	13	12	11	11	10	10	9	9	9	8	8	8	8	7	7	7	7
22	21	20	19	18	17	15	13	12	11	11	10	10	9	9	9	8	8	8	8	8	7	7	7
23	22	20	19	19	18	15	14	13	12	11	10	10	10	9	9	9	8	8	8	8	8	7	7
24	22	21	20	19	18	16	14	13	12	11	11	10	10	9	9	9	9	8	8	8	8	8	7
24	23	21	20	19	19	16	14	13	12	12	11	10	10	10	9	9	9	9	8	8	8	8	8
25	23	22	21	20	19	16	15	13	13	12	11	11	10	10	10	9	9	9	8	8	8	8	8
25	24	22	21	20	20	17	15	14	13	12	11	11	10	10	10	9	9	9	9	8	8	8	8
26	24	23	22	21	20	17	15	14	13	12	12	11	11	10	10	10	9	9	9	9	8	8	8
27	25	23	22	21	20	18	16	14	13	13	12	11	11	10	10	10	9	9	9	9	9	8	8
27	25	24	23	22	21	18	16	15	14	13	12	12	11	11	10	10	10	9	9	9	9	9	8
28	26	25	23	22	21	18	16	15	14	13	12	12	11	11	10	10	10	10	9	9	9	9	9
28	27	25	24	23	22	19	17	15	14	13	13	12	12	11	11	10	10	10	10	9	9	9	9
29	27	26	24	23	22	19	17	16	14	14	13	12	12	11	11	11	10	10	10	9	9	9	9
30	28	26	25	24	23	19	17	16	15	14	13	12	12	12	11	11	10	10	10	10	9	9	9
30	28	27	25	24	23	20	18	16	15	14	13	13	12	12	11	11	11	10	10	10	10	9	9
31	29	27	26	25	24	20	18	17	15	14	14	13	12	12	12	11	11	11	10	10	10	10	9
32	30	28	27	25	24	21	18	17	16	15	14	13	13	12	12	11	11	11	10	10	10	10	10
32	30	29	27	26	25	21	19	17	16	15	14	13	13	12	12	12	11	11	11	10	10	10	10
33	31	29	28	26	25	22	19	18	16	15	14	14	13	13	12	12	11	11	11	11	10	10	10
34	32	30	28	27	26	22	20	18	17	16	15	14	13	13	12	12	12	11	11	11	10	10	10
35	32	30	29	28	26	22	20	18	17	16	15	14	14	13	13	12	12	12	11	11	11	10	10
35	33	31	30	28	27	23	20	19	17	16	15	15	14	13	13	12	12	12	11	11	11	11	10
36	34	32	30	29	28	23	21	19	18	16	16	15	14	14	13	13	12	12	12	11	11	11	11
37	34	32	31	29	28	24	21	19	18	17	16	15	14	14	13	13	13	12	12	12	11	11	11
38	35	33	31	30	29	24	22	20	18	17	16	15	15	14	14	13	13	12	12	12	11	11	11
39	36	34	32	31	29	25	22	20	19	17	16	16	15	14	14	13	13	13	12	12	12	11	11
40	37	35	33	31	30	25	23	21	19	18	17	16	15	15	14	14	13	13	12	12	12	12	11
41	38	36	34	32	31	26	23	21	19	18	17	16	16	15	14	14	13	13	13	12	12	12	12
42	39	36	34	33	31	27	23	21	20	18	17	17	16	15	15	14	14	13	13	13	12	12	12
43	40	37	35	34	32	27	24	22	20	19	18	17	16	15	15	14	14	14	13	13	13	12	12
44	41	38	36	34	33	28	25	22	21	19	18	17	16	16	15	15	14	14	13	13	13	12	12
45	42	39	37	35	34	28	25	23	21	20	18	18	17	16	15	15	14	14	14	13	13	13	12
46	43	40	38	36	35	29	26	23	21	20	19	18	17	16	16	15	15	14	14	14	13	13	13
47	44	41	39	37	35	30	26	24	22	20	19	18	17	17	16	16	15	15	14	14	13	13	13
49	45	42	40	38	36	30	27	24	22	21	20	19	18	17	16	16	15	15	14	14	14	13	13
50	47	44	41	39	37	31	27	25	23	21	20	19	18	17	17	16	16	15	15	14	14	14	13
52	48	45	42	40	38	32	28	25	23	22	20	19	19	18	17	16	16	15	15	15	14	14	14
53	50	46	44	41	39	33	29	26	24	22	21	20	19	18	17	17	16	16	15	15	15	14	14
55	51	48	45	43	40	34	29	26	24	23	21	20	19	18	18	17	17	16	16	15	15	14	14
57	53	49	46	44	42	34	30	27	25	23	22	21	20	19	18	18	17	16	16	16	15	15	14
60	55	51	48	45	43	35	31	28	26	24	22	21	20	19	19	18	17	17	16	16	15	15	15
62	57	53	50	47	44	36	32	28	26	24	23	22	21	20	19	18	18	17	17	16	16	15	15
65	59	55	51	48	46	37	33	29	27	25	23	22	21	20	19	19	18	17	17	17	16	16	15
68	62	57	53	50	47	39	33	30	27	26	24	23	22	21	20	19	18	18	17	17	16	16	16
72	65	60	56	52	49	40	34	31	28	26	25	23	22	21	20	20	19	18	18	17	17	16	16
76	68	63	58	54	51	41	35	32	29	27	25	24	23	22	21	20	19	19	18	18	17	17	16
82	72	66	61	56	53	42	36	33	30	28	26	24	23	22	21	20	20	19	19	18	18	17	17
88	77	69	63	59	55	44	38	34	31	28	27	25	24	23	22	21	20	20	19	19	18	18	17
95	82	73	67	62	58	46	39	35	31	29	27	26	24	23	22	22	21	20	20	19	18	18	18
101	87	77	70	65	60	47	40	36	32	30	28	26	25	24	23	22	21	21	20	19	19	18	18
106	93	82	74	68	63	49	42	37	33	31	29	27	26	25	24	23	22	21	21	20	19	19	18
111	98	87	78	72	66	51	43	38	35	32	30	28	27	25	24	23	23	22	21	21	20	19	19
115	103	92	83	75	70	53	45	40	36	33	31	29	27	26	25	24	23	22	22	21	21	20	20
118	108	97	87	80	73	56	47	41	37	34	32	30	28	27	26	25	24	23	22	22	21	21	20
121	112	101	92	84	77	58	49	43	38	35	33	31	29	28	27	26	25	24	23	22	22	21	21
124	115	106	96	88	81	61	51	44	40	37	34	32	30	29	28	26	25	25	24	23	22	22	21
126	118	110	101	93	86	64	53	46	42	38	35	33	31	30	28	27	26	25	25	24	23	23	22
129	121	113	105	97	90	67	55	48	43	40	37	34	33	31	30	28	27	26	25	25	24	23	23
131	124	117	109	101	94	70	58	50	45	41	38	36	34	32	31	29	28	27	26	26	25	24	24
133	127	120	113	105	99	74	61	53	47	43	40	37	35	33	32	31	29	28	27	27	26	25	24
135	130	123	116	109	103	78	64	55	49	45	42	39	37	35	33	32	31	30	29	28	27	26	25
138	132	126	120	113	107	82	67	58	52	47	44	41	38	36	35	33	32	31	30	29	28	27	27
140	135	129	123	117	111	86	71	61	55	50	46	43	40	38	36	35	33	32	31	30	29	28	28
142	137	132	126	121	115	91	75	65	58	52	48	45	42	40	38	37	35	34	33	32	31	30	29
144	139	134	129	124	119	95	79	68	61	55	51	48	45	42	40	39	37	36	34	33	32	31	31
146	142	137	132	127	122	100	84	73	65	59	54	50	47	45	43	41	39	38	36	35	34	33	32
148	144	140	135	131	126	105	88	77	69	62	58	54	50	48	45	43	42	40	39	37	36	35	34
150	146	142	138	134	130	110	94	82	73	67	62	57	54	51	49	46	44	43	41	40	39	38	36
152	149	145	141	138	134	115	99	87	78	71	66	62	58	55	52	50	48	46	44	43	41	40	39
154	151	148	145	141	137	120	105	93	84	77	71	66	62	59	56	54	52	50	48	46	45	44	42
156	154	151	148	145	141	125	111	100	90	83	77	72	68	64	61	59	56	54	52	51	49	48	46
159	156	154	151	148	145	131	118	107	98	90	84	79	75	71	68	65	62	60	58	56	54	53	51
161	159	157	155	152	150	137	125	115	106	99	93	87	83	79	75	72	69	67	65	63	61	59	58
164	162	160	158	156	154	143	133	124	116	109	103	98	93	89	85	82	79	76	74	72	70	68	66
168	166	165	163	161	159	151	142	135	128	122	116	111	107	103	99	96	93	90	88	85	83	81	79
172	171	170	168	167	166	160	154	149	144	139	135	131	127	124	121	118	115	112	110	107	105	103	101
180	180	180	180	180	180	180	180	180	180	180	180	180	180	180	180	180	180	180	180	180	180	180	180